Starting timed block [kogge stone]...
timed block [kogge stone] took 0.001737833023071289 seconds

[   0  256  512  768 1024 1280 1536 1792 2048 2304 2560 2816 3072 3328
 3584 3840 4096 4352 4608 4864 5120 5376 5632 5888 6096 6112 6144 6400
 6656 6912 7136 7168 7424 7680 7936]
[ 0  6 12 18 24 30 36 42 48  4 10 16 22 28 34 40 46  2  8 14 20 26 32 38
 46 12 44  0  6 12 36 18 24 30 36]
[4294967233 4294967041 4294967041 4294967041 4294967041 4294967041
 4294967041 4294967041 4294967041 4294967041 4294967041 4294967041
 4294967041 4294967041 4294967041 4294967041 4294967041 4294967041
 4294967041 4294967041 4294967041 4294967041 4294967041 4294967041
         65 4294967233 4294967041 4294967041 4294967041 4294967041
         65 4294966977 4294967041 4294967041 4294967041]
